4445,2697,5115,718,2209,2212,654,4348,3079,6821,7668,3276,8874,4190,3785,2752,9473,7817,9137,496,7338,3434,7152,4355,4552,7917,7827,2460,2350,691,3514,5880,3145,7633,7199,3783,5066,7487,3285,1084,8985,760,872,8609,8051,1134,9536,5750,9716,9371,7619,5617,275,9721,2997,2698,1887,8825,6372,3014,2113,7122,7050,6775,5948,2758,1219,3539,348,7989,2735,9862,1263,8089,6401,9462,3168,2758,3748,5870
1096,20,1318,7586,5167,2642,1443,5741,7621,7030,5526,4244,2348,4641,9827,2448,6918,5883,3737,300,7116,6531,567,5997,3971,6623,820,6148,3287,1874,7981,8424,7672,7575,6797,6717,1078,5008,4051,8795,5820,346,1851,6463,2117,6058,3407,8211,117,4822,1317,4377,4434,5925,8341,4800,1175,4173,690,8978,7470,1295,3799,8724,3509,9849,618,3320,7068,9633,2384,7175,544,6583,1908,9983,481,4187,9353,9377
9607,7385,521,6084,1364,8983,7623,1585,6935,8551,2574,8267,4781,3834,2764,2084,2669,4656,9343,7709,2203,9328,8004,6192,5856,3555,2260,5118,6504,1839,9227,1259,9451,1388,7909,5733,6968,8519,9973,1663,5315,7571,3035,4325,4283,2304,6438,3815,9213,9806,9536,196,5542,6907,2475,1159,5820,9075,9470,2179,9248,1828,4592,9167,3713,4640,47,3637,309,7344,6955,346,378,9044,8635,7466,5036,9515,6385,9230
7206,3114,7760,1094,6150,5182,7358,7387,4497,955,101,1478,7777,6966,7010,8417,6453,4955,3496,107,449,8271,131,2948,6185,784,5937,8001,6104,8282,4165,3642,710,2390,575,715,3089,6964,4217,192,5949,7006,715,3328,1152,66,8044,4319,1735,146,4818,5456,6451,4113,1063,4781,6799,602,1504,6245,6550,1417,1343,2363,3785,5448,4545,9371,5420,5068,4613,4882,4241,5043,7873,8042,8434,3939,9256,2187
3620,8024,577,9997,7377,7682,1314,1158,6282,6310,1896,2509,5436,1732,9480,706,496,101,6232,7375,2207,2306,110,6772,3433,2878,8140,5933,8688,1399,2210,7332,6172,6403,7333,4044,2291,1790,2446,7390,8698,5723,3678,7104,1825,2040,140,3982,4905,4160,2200,5041,2512,1488,2268,1175,7588,8321,8078,7312,977,5257,8465,5068,3453,3096,1651,7906,253,9250,6021,8791,8109,6651,3412,345,4778,5152,4883,7505
1074,5438,9008,2679,5397,5429,2652,3403,770,9188,4248,2493,4361,8327,9587,707,9525,5913,93,1899,328,2876,3604,673,8576,6908,7659,2544,3359,3883,5273,6587,3065,1749,3223,604,9925,6941,2823,8767,7039,3290,3214,1787,7904,3421,7137,9560,8451,2669,9219,6332,1576,5477,6755,8348,4164,4307,2984,4012,6629,1044,2874,6541,4942,903,1404,9125,5160,8836,4345,2581,460,8438,1538,5507,668,3352,2678,6942
4295,1176,5596,1521,3061,9868,7037,7129,8933,6659,5947,5063,3653,9447,9245,2679,767,714,116,8558,163,3927,8779,158,5093,2447,5782,3967,1716,931,7772,8164,1117,9244,5783,7776,3846,8862,6014,2330,6947,1777,3112,6008,3491,1906,5952,314,4602,8994,5919,9214,3995,5026,7688,6809,5003,3128,2509,7477,110,8971,3982,8539,2980,4689,6343,5411,2992,5270,5247,9260,2269,7474,1042,7162,5206,1232,4556,4757
510,3556,5377,1406,5721,4946,2635,7847,4251,8293,8281,6351,4912,287,2870,3380,3948,5322,3840,4738,9563,1906,6298,3234,8959,1562,6297,8835,7861,239,6618,1322,2553,2213,5053,5446,4402,6500,5182,8585,6900,5756,9661,903,5186,7687,5998,7997,8081,8955,4835,6069,2621,1581,732,9564,1082,1853,5442,1342,520,1737,3703,5321,4793,2776,1508,1647,9101,2499,6891,4336,7012,3329,3212,1442,9993,3988,4930,7706
9444,3401,5891,9716,1228,7107,109,3563,2700,6161,5039,4992,2242,8541,7372,2067,1294,3058,1306,320,8881,5756,9326,411,8650,8824,5495,8282,8397,2000,1228,7817,2099,6473,3571,5994,4447,1299,5991,543,7874,2297,1651,101,2093,3463,9189,6872,6118,872,1008,1779,2805,9084,4048,2123,5877,55,3075,1737,9459,4535,6453,3644,108,5982,4437,5213,1340,6967,9943,5815,669,8074,1838,6979,9132,9315,715,5048
3327,4030,7177,6336,9933,5296,2621,4785,2755,4832,2512,2118,2244,4407,2170,499,7532,9742,5051,7687,970,6924,3527,4694,5145,1306,2165,5940,2425,8910,3513,1909,6983,346,6377,4304,9330,7203,6605,3709,3346,970,369,9737,5811,4427,9939,3693,8436,5566,1977,3728,2399,3985,8303,2492,5366,9802,9193,7296,1033,5060,9144,2766,1151,7629,5169,5995,58,7619,7565,4208,1713,6279,3209,4908,9224,7409,1325,8540
6882,1265,1775,3648,4690,959,5837,4520,5394,1378,9485,1360,4018,578,9174,2932,9890,3696,116,1723,1178,9355,7063,1594,1918,8574,7594,7942,1547,6166,7888,354,6932,4651,1010,7759,6905,661,7689,6092,9292,3845,9605,8443,443,8275,5163,7720,7265,6356,7779,1798,1754,5225,6661,1180,8024,5666,88,9153,1840,3508,1193,4445,2648,3538,6243,6375,8107,5902,5423,2520,1122,5015,6113,8859,9370,966,8673,2442
7338,3423,4723,6533,848,8041,7921,8277,4094,5368,7252,8852,9166,2250,2801,6125,8093,5738,4038,9808,7359,9494,601,9116,4946,2702,5573,2921,9862,1462,1269,2410,4171,2709,7508,6241,7522,615,2407,8200,4189,5492,5649,7353,2590,5203,4274,710,7329,9063,956,8371,3722,4253,4785,1194,4828,4717,4548,940,983,2575,4511,2938,1827,2027,2700,1236,841,5760,1680,6260,2373,3851,1841,4968,1172,5179,7175,3509
4420,1327,3560,2376,6260,2988,9537,4064,4829,8872,9598,3228,1792,7118,9962,9336,4368,9189,6857,1829,9863,6287,7303,7769,2707,8257,2391,2009,3975,4993,3068,9835,3427,341,8412,2134,4034,8511,6421,3041,9012,2983,7289,100,1355,7904,9186,6920,5856,2008,6545,8331,3655,5011,839,8041,9255,6524,3862,8788,62,7455,3513,5003,8413,3918,2076,7960,6108,3638,6999,3436,1441,4858,4181,1866,8731,7745,3744,1000
356,8296,8325,1058,1277,4743,3850,2388,6079,6462,2815,5620,8495,5378,75,4324,3441,9870,1113,165,1544,1179,2834,562,6176,2313,6836,8839,2986,9454,5199,6888,1927,5866,8760,320,1792,8296,7898,6121,7241,5886,5814,2815,8336,1576,4314,3109,2572,6011,2086,9061,9403,3947,5487,9731,7281,3159,1819,1334,3181,5844,5114,9898,4634,2531,4412,6430,4262,8482,4546,4555,6804,2607,9421,686,8649,8860,7794,6672
9870,152,1558,4963,8750,4754,6521,6256,8818,5208,5691,9659,8377,9725,5050,5343,2539,6101,1844,9700,7750,8114,5357,3001,8830,4438,199,9545,8496,43,2078,327,9397,106,6090,8181,8646,6414,7499,5450,4850,6273,5014,4131,7639,3913,6571,8534,9703,4391,7618,445,1320,5,1894,6771,7383,9191,4708,9706,6939,7937,8726,9382,5216,3685,2247,9029,8154,1738,9984,2626,9438,4167,6351,5060,29,1218,1239,4785
192,5213,8297,8974,4032,6966,5717,1179,6523,4679,9513,1481,3041,5355,9303,9154,1389,8702,6589,7818,6336,3539,5538,3094,6646,6702,6266,2759,4608,4452,617,9406,8064,6379,444,5602,4950,1810,8391,1536,316,8714,1178,5182,5863,5110,5372,4954,1978,2971,5680,4863,2255,4630,5723,2168,538,1692,1319,7540,440,6430,6266,7712,7385,5702,620,641,3136,7350,1478,3155,2820,9109,6261,1122,4470,14,8493,2095
1046,4301,6082,474,4974,7822,2102,5161,5172,6946,8074,9716,6586,9962,9749,5015,2217,995,5388,4402,7652,6399,6539,1349,8101,3677,1328,9612,7922,2879,231,5887,2655,508,4357,4964,3554,5930,6236,7384,4614,280,3093,9600,2110,7863,2631,6626,6620,68,1311,7198,7561,1768,5139,1431,221,230,2940,968,5283,6517,2146,1646,869,9402,7068,8645,7058,1765,9690,4152,2926,9504,2939,7504,6074,2944,6470,7859
4659,736,4951,9344,1927,6271,8837,8711,3241,6579,7660,5499,5616,3743,5801,4682,9748,8796,779,1833,4549,8138,4026,775,4170,2432,4174,3741,7540,8017,2833,4027,396,811,2871,1150,9809,2719,9199,8504,1224,540,2051,3519,7982,7367,2761,308,3358,6505,2050,4836,5090,7864,805,2566,2409,6876,3361,8622,5572,5895,3280,441,7893,8105,1634,2929,274,3926,7786,6123,8233,9921,2674,5340,1445,203,4585,3837
5759,338,7444,7968,7742,3755,1591,4839,1705,650,7061,2461,9230,9391,9373,2413,1213,431,7801,4994,2380,2703,6161,6878,8331,2538,6093,1275,5065,5062,2839,582,1014,8109,3525,1544,1569,8622,7944,2905,6120,1564,1839,5570,7579,1318,2677,5257,4418,5601,7935,7656,5192,1864,5886,6083,5580,6202,8869,1636,7907,4759,9082,5854,3185,7631,6854,5872,5632,5280,1431,2077,9717,7431,4256,8261,9680,4487,4752,4286
1571,1428,8599,1230,7772,4221,8523,9049,4042,8726,7567,6736,9033,2104,4879,4967,6334,6716,3994,1269,8995,6539,3610,7667,6560,6065,874,848,4597,1711,7161,4811,6734,5723,6356,6026,9183,2586,5636,1092,7779,7923,8747,6887,7505,9909,1792,3233,4526,3176,1508,8043,720,5212,6046,4988,709,5277,8256,3642,1391,5803,1468,2145,3970,6301,7767,2359,8487,9771,8785,7520,856,1605,8972,2402,2386,991,1383,5963
1822,4824,5957,6511,9868,4113,301,9353,6228,2881,2966,6956,9124,9574,9233,1601,7340,973,9396,540,4747,8590,9535,3650,7333,7583,4806,3593,2738,8157,5215,8472,2284,9473,3906,6982,5505,6053,7936,6074,7179,6688,1564,1103,6860,5839,2022,8490,910,7551,7805,881,7024,1855,9448,4790,1274,3672,2810,774,7623,4223,4850,6071,9975,4935,1915,9771,6690,3846,517,463,7624,4511,614,6394,3661,7409,1395,8127
8738,3850,9555,3695,4383,2378,87,6256,6740,7682,9546,4255,6105,2000,1851,4073,8957,9022,6547,5189,2487,303,9602,7833,1628,4163,6678,3144,8589,7096,8913,5823,4890,7679,1212,9294,5884,2972,3012,3359,7794,7428,1579,4350,7246,4301,7779,7790,3294,9547,4367,3549,1958,8237,6758,3497,3250,3456,6318,1663,708,7714,6143,6890,3428,6853,9334,7992,591,6449,9786,1412,8500,722,5468,1371,108,3939,4199,2535
7047,4323,1934,5163,4166,461,3544,2767,6554,203,6098,2265,9078,2075,4644,6641,8412,9183,487,101,7566,5622,1975,5726,2920,5374,7779,5631,3753,3725,2672,3621,4280,1162,5812,345,8173,9785,1525,955,5603,2215,2580,5261,2765,2990,5979,389,3907,2484,1232,5933,5871,3304,1138,1616,5114,9199,5072,7442,7245,6472,4760,6359,9053,7876,2564,9404,3043,9026,2261,3374,4460,7306,2326,966,828,3274,1712,3446
3975,4565,8131,5800,4570,2306,8838,4392,9147,11,3911,7118,9645,4994,2028,6062,5431,2279,8752,2658,7836,994,7316,5336,7185,3289,1898,9689,2331,5737,3403,1124,2679,3241,7748,16,2724,5441,6640,9368,9081,5618,858,4969,17,2103,6035,8043,7475,2181,939,415,1617,8500,8253,2155,7843,7974,7859,1746,6336,3193,2617,8736,4079,6324,6645,8891,9396,5522,6103,1857,8979,3835,2475,1310,7422,610,8345,7615
9248,5397,5686,2988,3446,4359,6634,9141,497,9176,6773,7448,1907,8454,916,1596,2241,1626,1384,2741,3649,5362,8791,7170,2903,2475,5325,6451,924,3328,522,90,4813,9737,9557,691,2388,1383,4021,1609,9206,4707,5200,7107,8104,4333,9860,5013,1224,6959,8527,1877,4545,7772,6268,621,4915,9349,5970,706,9583,3071,4127,780,8231,3017,9114,3836,7503,2383,1977,4870,8035,2379,9704,1037,3992,3642,1016,4303
5093,138,4639,6609,1146,5565,95,7521,9077,2272,974,4388,2465,2650,722,4998,3567,3047,921,2736,7855,173,2065,4238,1048,5,6847,9548,8632,9194,5942,4777,7910,8971,6279,7253,2516,1555,1833,3184,9453,9053,6897,7808,8629,4877,1871,8055,4881,7639,1537,7701,2508,7564,5845,5023,2304,5396,3193,2955,1088,3801,6203,1748,3737,1276,13,4120,7715,8552,3047,2921,106,7508,304,1280,7140,2567,9135,5266
6237,4607,7527,9047,522,7371,4883,2540,5867,6366,5301,1570,421,276,3361,527,6637,4861,2401,7522,5808,9371,5298,2045,5096,5447,7755,5115,7060,8529,4078,1943,1697,1764,5453,7085,960,2405,739,2100,5800,728,9737,5704,5693,1431,8979,6428,673,7540,6,7773,5857,6823,150,5869,8486,684,5816,9626,7451,5579,8260,3397,5322,6920,1879,2127,2884,5478,4977,9016,6165,6292,3062,5671,5968,78,4619,4763
9905,7127,9390,5185,6923,3721,9164,9705,4341,1031,1046,5127,7376,6528,3248,4941,1178,7889,3364,4486,5358,9402,9158,8600,1025,874,1839,1783,309,9030,1843,845,8398,1433,7118,70,8071,2877,3904,8866,6722,4299,10,1929,5897,4188,600,1889,3325,2485,6473,4474,7444,6992,4846,6166,4441,2283,2629,4352,7775,1101,2214,9985,215,8270,9750,2740,8361,7103,5930,8664,9690,8302,9267,344,2077,1372,1880,9550
5825,8517,7769,2405,8204,1060,3603,7025,478,8334,1997,3692,7433,9101,7294,7498,9415,5452,3850,3508,6857,9213,6807,4412,7310,854,5384,686,4978,892,8651,3241,2743,3801,3813,8588,6701,4416,6990,6490,3197,6838,6503,114,8343,5844,8646,8694,65,791,5979,2687,2621,2019,8097,1423,3644,9764,4921,3266,3662,5561,2476,8271,8138,6147,1168,3340,1998,9874,6572,9873,6659,5609,2711,3931,9567,4143,7833,8887
6223,2099,2700,589,4716,8333,1362,5007,2753,2848,4441,8397,7192,8191,4916,9955,6076,3370,6396,6971,3156,248,3911,2488,4930,2458,7183,5455,170,6809,6417,3390,1956,7188,577,7526,2203,968,8164,479,8699,7915,507,6393,4632,1597,7534,3604,618,3280,6061,9793,9238,8347,568,9645,2070,5198,6482,5000,9212,6655,5961,7513,1323,3872,6170,3812,4146,2736,67,3151,5548,2781,9679,7564,5043,8587,1893,4531
5826,3690,6724,2121,9308,6986,8106,6659,2142,1642,7170,2877,5757,6494,8026,6571,8387,9961,6043,9758,9607,6450,8631,8334,7359,5256,8523,2225,7487,1977,9555,8048,5763,2414,4948,4265,2427,8978,8088,8841,9208,9601,5810,9398,8866,9138,4176,5875,7212,3272,6759,5678,7649,4922,5422,1343,8197,3154,3600,687,1028,4579,2084,9467,4492,7262,7296,6538,7657,7134,2077,1505,7332,6890,8964,4879,7603,7400,5973,739
1861,1613,4879,1884,7334,966,2000,7489,2123,4287,1472,3263,4726,9203,1040,4103,6075,6049,330,9253,4062,4268,1635,9960,577,1320,3195,9628,1030,4092,4979,6474,6393,2799,6967,8687,7724,7392,9927,2085,3200,6466,8702,265,7646,8665,7986,7266,4574,6587,612,2724,704,3191,8323,9523,3002,704,5064,3960,8209,2027,2758,8393,4875,4641,9584,6401,7883,7014,768,443,5490,7506,1852,2005,8850,5776,4487,4269
4052,6687,4705,7260,6645,6715,3706,5504,8672,2853,1136,8187,8203,4016,871,1809,1366,4952,9294,5339,6872,2645,6083,7874,3056,5218,7485,8796,7401,3348,2103,426,8572,4163,9171,3176,948,7654,9344,3217,1650,5580,7971,2622,76,2874,880,2034,9929,1546,2659,5811,3754,7096,7436,9694,9960,7415,2164,953,2360,4194,2397,1047,2196,6827,575,784,2675,8821,6802,7972,5996,6699,2134,7577,2887,1412,4349,4380
4629,2234,6240,8132,7592,3181,6389,1214,266,1910,2451,8784,2790,1127,6932,1447,8986,2492,5476,397,889,3027,7641,5083,5776,4022,185,3364,5701,2442,2840,4160,9525,4828,6602,2614,7447,3711,4505,7745,8034,6514,4907,2605,7753,6958,7270,6936,3006,8968,439,2326,4652,3085,3425,9863,5049,5361,8688,297,7580,8777,7916,6687,8683,7141,306,9569,2384,1500,3346,4601,7329,9040,6097,2727,6314,4501,4974,2829
8316,4072,2025,6884,3027,1808,5714,7624,7880,8528,4205,8686,7587,3230,1139,7273,6163,6986,3914,9309,1464,9359,4474,7095,2212,7302,2583,9462,7532,6567,1606,4436,8981,5612,6796,4385,5076,2007,6072,3678,8331,1338,3299,8845,4783,8613,4071,1232,6028,2176,3990,2148,3748,103,9453,538,6745,9110,926,3125,473,5970,8728,7072,9062,1404,1317,5139,9862,6496,6062,3338,464,1600,2532,1088,8232,7739,8274,3873
2341,523,7096,8397,8301,6541,9844,244,4993,2280,7689,4025,4196,5522,7904,6048,2623,9258,2149,9461,6448,8087,7245,1917,8340,7127,8466,5725,6996,3421,5313,512,9164,9837,9794,8369,4185,1488,7210,1524,1016,4620,9435,2478,7765,8035,697,6677,3724,6988,5853,7662,3895,9593,1185,4727,6025,5734,7665,3070,138,8469,6748,6459,561,7935,8646,2378,462,7755,3115,9690,8877,3946,2728,8793,244,6323,8666,4271
6430,2406,8994,56,1267,3826,9443,7079,7579,5232,6691,3435,6718,5698,4144,7028,592,2627,217,734,6194,8156,9118,58,2640,8069,4127,3285,694,3197,3377,4143,4802,3324,8134,6953,7625,3598,3584,4289,7065,3434,2106,7132,5802,7920,9060,7531,3321,1725,1067,3751,444,5503,6785,7937,6365,4803,198,6266,8177,1470,6390,1606,2904,7555,9834,8667,2033,1723,5167,1666,8546,8152,473,4475,6451,7947,3062,3281
2810,3042,7759,1741,2275,2609,7676,8640,4117,1958,7500,8048,1757,3954,9270,1971,4796,2912,660,5511,3553,1012,5757,4525,6084,7198,8352,5775,7726,8591,7710,9589,3122,4392,6856,5016,749,2285,3356,7482,9956,7348,2599,8944,495,3462,3578,551,4543,7207,7169,7796,1247,4278,6916,8176,3742,8385,2310,1345,8692,2667,4568,1770,8319,3585,4920,3890,4928,7343,5385,9772,7947,8786,2056,9266,3454,2807,877,2660
6206,8252,5928,5837,4177,4333,207,7934,5581,9526,8906,1498,8411,2984,5198,5134,2464,8435,8514,8674,3876,599,5327,826,2152,4084,2433,9327,9697,4800,2728,3608,3849,3861,3498,9943,1407,3991,7191,9110,5666,8434,4704,6545,5944,2357,1163,4995,9619,6754,4200,9682,6654,4862,4744,5953,6632,1054,293,9439,8286,2255,696,8709,1533,1844,6441,430,1999,6063,9431,7018,8057,2920,6266,6799,356,3597,4024,6665
3847,6356,8541,7225,2325,2946,5199,469,5450,7508,2197,9915,8284,7983,6341,3276,3321,16,1321,7608,5015,3362,8491,6968,6818,797,156,2575,706,9516,5344,5457,9210,5051,8099,1617,9951,7663,8253,9683,2670,1261,4710,1068,8753,4799,1228,2621,3275,6188,4699,1791,9518,8701,5932,4275,6011,9877,2933,4182,6059,2930,6687,6682,9771,654,9437,3169,8596,1827,5471,8909,2352,123,4394,3208,8756,5513,6917,2056
5458,8173,3138,3290,4570,4892,3317,4251,9699,7973,1163,1935,5477,6648,9614,5655,9592,975,9118,2194,7322,8248,8413,3462,8560,1907,7810,6650,7355,2939,4973,6894,3933,3784,3200,2419,9234,4747,2208,2207,1945,2899,1407,6145,8023,3484,5688,7686,2737,3828,3704,9004,5190,9740,8643,8650,5358,4426,1522,1707,3613,9887,6956,2447,2762,833,1449,9489,2573,1080,4167,3456,6809,2466,227,7125,2759,6250,6472,8089
3266,7025,9756,3914,1265,9116,7723,9788,6805,5493,2092,8688,6592,9173,4431,4028,6007,7131,4446,4815,3648,6701,759,3312,8355,4485,4187,5188,8746,7759,3528,2177,5243,8379,3838,7233,4607,9187,7216,2190,6967,2920,6082,7910,5354,3609,8958,6949,7731,494,8753,8707,1523,4426,3543,7085,647,6771,9847,646,5049,824,8417,5260,2730,5702,2513,9275,4279,2767,8684,1165,9903,4518,55,9682,8963,6005,2102,6523
1998,8731,936,1479,5259,7064,4085,91,7745,7136,3773,3810,730,8255,2705,2653,9790,6807,2342,355,9344,2668,3690,2028,9679,8102,574,4318,6481,9175,5423,8062,2867,9657,7553,3442,3920,7430,3945,7639,3714,3392,2525,4995,4850,2867,7951,9667,486,9506,9888,781,8866,1702,3795,90,356,1483,4200,2131,6969,5931,486,6880,4404,1084,5169,4910,6567,8335,4686,5043,2614,3352,2667,4513,6472,7471,5720,1616
8878,1613,1716,868,1906,2681,564,665,5995,2474,7496,3432,9491,9087,8850,8287,669,823,347,6194,2264,2592,7871,7616,8508,4827,760,2676,4660,4881,7572,3811,9032,939,4384,929,7525,8419,5556,9063,662,8887,7026,8534,3111,1454,2082,7598,5726,6687,9647,7608,73,3014,5063,670,5461,5631,3367,9796,8475,7908,5073,1